8043 фоля 6 null 3.0 18.0
8044 ©июж 3 693747631 1.0 3.0
8045 юФ 4 null 5.0 20.0
8046 еёдл 4 693747632 1.0 4.0
8047 юФ 4 null 7.0 28.0
8048 юФ 4 null 6.0 24.0
8049 оЦ╫╤ 5 null 9.0 45.0
8050 ц╒╧Ш 10 null 5.0 50.0
8051 фоля 6 null 2.0 12.0
8052 юФ 4 null 5.0 20.0
8053 ф╩╧Ш 7 null 2.0 14.0
8054 фоля 6 null 9.0 54.0
8055 фоля 6 null 5.0 30.0
8056 оЦ╫╤ 5 null 6.0 30.0
8057 ц╒╧Ш 10 null 1.0 10.0
8058 ╠Щ╦и 8 693747633 1.0 8.0
8059 юФ 4 null 6.0 24.0
8060 ф╩╧Ш 7 null 6.0 42.0
8061 оЦ╫╤ 5 null 9.0 45.0
8062 ц╒╧Ш 10 null 3.0 30.0
8063 оЦ╫╤ 5 null 7.0 35.0
8064 ©июж 3 693747631 1.0 3.0
8065 фоля 6 null 9.0 54.0
8066 ц╒╧Ш 10 null 0.0 0.0
8067 юФ 4 null 6.0 24.0
8068 юФ 4 null 1.0 4.0
8069 оЦ╫╤ 5 null 5.0 25.0
8070 оЦ╫╤ 5 null 0.0 0.0
8071 фоля 6 null 7.0 42.0
8072 еёдл 4 693747632 1.0 4.0
8073 еёдл 4 693747632 1.0 4.0
8074 ф╩╧Ш 7 null 6.0 42.0
8075 ф╩╧Ш 7 null 5.0 35.0
8076 фоля 6 null 7.0 42.0
8077 фоля 6 null 7.0 42.0
8078 ф╩╧Ш 7 null 7.0 49.0
8079 ╠Щ╦и 8 693747633 1.0 8.0
8080 ж╫╫М 5 693747634 1.0 5.0
8081 ц╒╧Ш 10 null 1.0 10.0
8082 ц╒╧Ш 10 null 3.0 30.0
8083 ф╩╧Ш 7 null 8.0 56.0
8084 ц╒╧Ш 10 null 6.0 60.0
8085 ц╒╧Ш 10 null 5.0 50.0
8086 еёдл 4 693747632 1.0 4.0
8087 ц╒╧Ш 10 null 6.0 60.0
8088 оЦ╫╤ 5 null 1.0 5.0
8089 оЦ╫╤ 5 null 9.0 45.0
8090 фоля 6 null 8.0 48.0
8091 ╠Щ╦и 8 693747633 1.0 8.0
8092 оЦ╫╤ 5 null 2.0 10.0
8093 фоля 6 null 2.0 12.0
8094 юФ 4 null 5.0 20.0
8095 ц╒╧Ш 10 null 3.0 30.0
8096 оЦ╫╤ 5 null 4.0 20.0
8097 оЦ╫╤ 5 null 1.0 5.0
8098 оЦ╫╤ 5 null 3.0 15.0
8099 ж╫╫М 5 693747634 1.0 5.0
8100 юФ 4 null 6.0 24.0
8101 йИ 30 693747635 1.0 30.0
8102 оЦ╫╤ 5 null 8.0 40.0
8103 ж╫╫М 5 693747634 1.0 5.0
8104 юФ 4 null 5.0 20.0
8105 оЦ╫╤ 5 null 5.0 25.0
8106 ц╒╧Ш 10 null 0.0 0.0
8107 ©июж 3 693747631 1.0 3.0
8108 фоля 6 null 6.0 36.0
8109 ц╒╧Ш 10 null 6.0 60.0
8110 фоля 6 null 2.0 12.0
8111 юФ 4 null 8.0 32.0
8112 ©июж 3 693747631 1.0 3.0
8113 ф╩╧Ш 7 null 4.0 28.0
8114 ©июж 3 693747631 1.0 3.0
8115 фоля 6 null 8.0 48.0
8116 юФ 4 null 8.0 32.0
8117 ц╒╧Ш 10 null 8.0 80.0
8118 юФ 4 null 5.0 20.0
8119 фоля 6 null 7.0 42.0
8120 оЦ╫╤ 5 null 4.0 20.0
8121 ц╒╧Ш 10 null 0.0 0.0
8122 фоля 6 null 2.0 12.0
8123 ©июж 3 693747631 1.0 3.0
8124 оЦ╫╤ 5 null 3.0 15.0
8125 оЦ╫╤ 5 null 0.0 0.0
8126 ф╩╧Ш 7 null 8.0 56.0
8127 ц╒╧Ш 10 null 6.0 60.0
8128 ц╒╧Ш 10 null 0.0 0.0
8129 юФ 4 null 0.0 0.0
8130 ©июж 3 693747631 1.0 3.0
8131 оЦ╫╤ 5 null 4.0 20.0
8132 еёдл 4 693747632 1.0 4.0
8133 фоля 6 null 8.0 48.0
8134 оЦ╫╤ 5 null 9.0 45.0
8135 ф╩╧Ш 7 null 4.0 28.0
8136 фоля 6 null 2.0 12.0
8137 юФ 4 null 8.0 32.0
8138 ц╒╧Ш 10 null 9.0 90.0
8139 ц╒╧Ш 10 null 4.0 40.0
8140 юФ 4 null 8.0 32.0
8141 фоля 6 null 0.0 0.0
8142 оЦ╫╤ 5 null 6.0 30.0
8143 ©июж 3 693747631 1.0 3.0
8144 ц╒╧Ш 10 null 1.0 10.0
8145 юФ 4 null 0.0 0.0
8146 ф╩╧Ш 7 null 2.0 14.0
8147 оЦ╫╤ 5 null 6.0 30.0
8148 ф╩╧Ш 7 null 3.0 21.0
8149 фоля 6 null 2.0 12.0
8150 ц╒╧Ш 10 null 2.0 20.0
8151 фоля 6 null 6.0 36.0
8152 ╠Щ╦и 8 693747633 1.0 8.0
8153 еёдл 4 693747632 1.0 4.0
8154 юФ 4 null 8.0 32.0
8155 ф╩╧Ш 7 null 8.0 56.0
8156 ф╩╧Ш 7 null 8.0 56.0
8157 оЦ╫╤ 5 null 2.0 10.0
8158 ╠Щ╦и 8 693747633 1.0 8.0
8159 ц╒╧Ш 10 null 8.0 80.0
8160 ф╩╧Ш 7 null 5.0 35.0
8161 ф╩╧Ш 7 null 6.0 42.0
8162 оЦ╫╤ 5 null 3.0 15.0
8163 ф╩╧Ш 7 null 1.0 7.0
8164 ц╒╧Ш 10 null 6.0 60.0
8165 оЦ╫╤ 5 null 9.0 45.0
8166 юФ 4 null 1.0 4.0
8167 фоля 6 null 2.0 12.0
8168 ф╩╧Ш 7 null 4.0 28.0
8169 ╠Щ╦и 8 693747633 1.0 8.0
8170 фоля 6 null 9.0 54.0
8171 ©июж 3 693747631 1.0 3.0
8172 ф╩╧Ш 7 null 4.0 28.0
8173 оЦ╫╤ 5 null 5.0 25.0
8174 фоля 6 null 5.0 30.0
8175 ц╒╧Ш 10 null 7.0 70.0
8176 юФ 4 null 5.0 20.0
8177 оЦ╫╤ 5 null 5.0 25.0
8178 йИ 30 693747635 1.0 30.0
8179 йИ 30 693747635 1.0 30.0
8180 ф╩╧Ш 7 null 5.0 35.0
8181 ╠Щ╦и 8 693747633 1.0 8.0
8182 ©июж 3 693747631 1.0 3.0
8183 ф╩╧Ш 7 null 8.0 56.0
8184 ф╩╧Ш 7 null 8.0 56.0
8185 ц╒╧Ш 10 null 4.0 40.0
8186 ф╩╧Ш 7 null 4.0 28.0
8187 ф╩╧Ш 7 null 9.0 63.0
8188 ф╩╧Ш 7 null 7.0 49.0
8189 юФ 4 null 4.0 16.0
8190 ф╩╧Ш 7 null 9.0 63.0
8191 ф╩╧Ш 7 null 6.0 42.0
8192 фоля 6 null 3.0 18.0
8193 юФ 4 null 0.0 0.0
8194 оЦ╫╤ 5 null 6.0 30.0
8195 юФ 4 null 4.0 16.0
8196 фоля 6 null 5.0 30.0
8197 фоля 6 null 1.0 6.0
8198 фоля 6 null 6.0 36.0
8199 юФ 4 null 6.0 24.0
8200 фоля 6 null 2.0 12.0
8201 йИ 30 693747635 1.0 30.0
8202 фоля 6 null 8.0 48.0
8203 юФ 4 null 2.0 8.0
8204 ц╒╧Ш 10 null 3.0 30.0
8205 ╠Щ╦и 8 693747633 1.0 8.0
8206 ф╩╧Ш 7 null 0.0 0.0
8207 юФ 4 null 7.0 28.0
8208 оЦ╫╤ 5 null 7.0 35.0
8209 юФ 4 null 2.0 8.0
8210 йИ 30 693747635 1.0 30.0
8211 юФ 4 null 9.0 36.0
8212 ж╫╫М 5 693747634 1.0 5.0
8213 фоля 6 null 9.0 54.0
8214 йИ 30 693747635 1.0 30.0
8215 фоля 6 null 3.0 18.0
8216 юФ 4 null 7.0 28.0
8217 оЦ╫╤ 5 null 8.0 40.0
8218 юФ 4 null 5.0 20.0
8219 йИ 30 693747635 1.0 30.0
8220 фоля 6 null 2.0 12.0
8221 ц╒╧Ш 10 null 5.0 50.0
8222 ф╩╧Ш 7 null 0.0 0.0
8223 юФ 4 null 8.0 32.0
8224 еёдл 4 693747632 1.0 4.0
8225 йИ 30 693747635 1.0 30.0
8226 оЦ╫╤ 5 null 5.0 25.0
8227 ф╩╧Ш 7 null 9.0 63.0
8228 ц╒╧Ш 10 null 6.0 60.0
8229 фоля 6 null 6.0 36.0
8230 фоля 6 null 5.0 30.0
8231 ╠Щ╦и 8 693747633 1.0 8.0
8232 ©июж 3 693747631 1.0 3.0
8233 фоля 6 null 7.0 42.0
8234 йИ 30 693747635 1.0 30.0
8235 ц╒╧Ш 10 null 9.0 90.0
8236 ф╩╧Ш 7 null 9.0 63.0
8237 оЦ╫╤ 5 null 5.0 25.0
8238 ф╩╧Ш 7 null 9.0 63.0
8239 ╠Щ╦и 8 693747633 1.0 8.0
8240 оЦ╫╤ 5 null 8.0 40.0
8241 ц╒╧Ш 10 null 4.0 40.0
8242 фоля 6 null 3.0 18.0
